22.771803386412603
8.94462197886352
75.87218313485687
1.6210357159000877
26.5095953016107
86.83506423634503
16.291525440817644
67.79040725866612
78.37585454012314
61.887949679610664
93.85178226321969
86.40098051664499
6.879271747690097
96.34475985897639
40.3577984158487
81.57437884428975
62.188162204391475
33.296316646332215
9.247092645129174
56.7965186630099
59.137418023125264
40.290771418534035
85.59490505029406
12.436599730222797
26.89535607363314
31.009928170410127
33.561466418541585
46.35434833762091
13.26444048356552
18.989879140030453
58.59873774662046
31.03656832971644
28.697378178822785
54.97768463700545
2.1568926553663603
78.04966876880421
83.37448739121459
39.58629705948531
8.940309340236507
58.23885342083739
52.27035246321772
81.70447521603317
90.80754066052876
89.32315036821974
28.459089234298183
85.68400676668719
53.07310762735338
22.338358315524932
40.69205331221715
46.81797869148352